0.06594706015599196
0.0007306532470685939
0.0011124780550013464
0.013091600294652006
0.0014144031704721467
0.14882120031237542
0.0011287891868671208
0.08375513128055971
9.26849442039626e-06
0.11512072328212239
1.74070988154642e-05
0.0071755047764125255
2.4321617381574023e-07
0.06193990846568616
0.0
0.05051618081055519
1.7163775216489314e-05
3.5860603569352164e-05
1.6348547109048773e-06
0.014712542349433918
1.1160608651728935e-05
0.016766675600548727
3.915984624626055e-06
4.193578450788895e-05
2.3417400732288264e-05
1.0875906493872038e-06
0.008133043417975626
8.810696728013028e-06
0.00024538136814844025
0.03055268338649486
0.0007080605124408424
0.008783168526859678
0.04191560914313134
3.161167305029981e-05
0.08327184011162078
3.281364936242631e-05
0.05136685597625628
0.00022642908189094915
0.0010434757060150204
0.00010617082103982765
0.02107669483627553
2.0569738947816506e-05
0.00024716898173998686
0.021063110203855352
0.001213101962939652
0.02016859477081647
0.0023625589543439145
4.402834679958736e-06
0.0243412184364186
3.66689943731522e-05
2.931959997000002e-08
0.01810714623424561
3.788095071294751e-06
0.00022244910430398415
0.007967197243036296
3.053007726139033e-05
7.008385972297283e-06
2.59780055745815e-05
0.0008902673145103233
0.07666687037438505
0.0005635592986098296
0.00015114151462165273
0.039109123259677886
0.04507821187787695
0.0013358525787712308
0.0004182604242657704
0.00012496019146175343
0.06680253158317871
0.00185586512488115
0.0005187732503419282
0.020339425683235216
2.628734293226535e-05
0.01949216447959231
0.0011732359120159128
2.2492517302836734e-05
0.018806828537199935
3.838609731007387e-06
0.00015758050219852793
9.063450832230842e-06
0.0009625872239342024
0.014855416463702621
8.473919852728661e-05
0.015694930774960175
1.3241343981475439e-05
0.006406160855483156
0.03222223634155557
0.00024754914328277135
0.03736144580911366
0.0013054217702797345
2.3988967760988765e-05
0.023484056022502572
7.842238479967218e-05
0.00018609030883805536
4.432437312467511e-07
4.9551558840000037e-08
0.0015067954589316225
0.013122053645610036
0.001767595672099645
2.3248147030439464e-06
0.00047771171709238105
0.00042334280120789967
0.04190068341536131
0.0007335222130190531
0.0367062011663009
0.00248398566637964
0.05165405463919568
1.0226688271033711e-06
0.001369082075502782
0.00024846290877580436
0.0031116320614728073
0.04665460681776315
0.03866191106815147
0.00010451863850089466
0.0007579461666376583
0.024029974694939414
0.00021928172025439393
0.0003884902635293643
0.03896237930050787
0.00052860337228116
3.0767105750147536e-05
9.040019573336182e-06
0.003593198226423616
0.000156998785854057
2.5076604744361425e-06
9.273576453492065e-05
0.09146888894106284
3.152180649502756e-05
0.07382257090236252
0.0
0.08837918213526463
6.821628877832926e-06
0.00014103711953903847
1.6047791571840134e-06
0.007490704754659927
0.15091058850148845
0.006229681660356441
0.1093831817964155
0.023887568093568415
0.18422447209277099
0.0045537820306391546
7.919194796029335e-06
0.05947742556821661
5.917218137179098e-05
1.513351745388628e-05
3.9057663631996815e-07
4.5491548846439815e-05
0.04388798505206755
9.64389252049814e-07
0.0003100315941948593
0.05667506470690831
0.0005343630337710693
0.0789408526471814
0.00023864071888279612
0.05569733711465206
0.00042078795053537735
0.0003656092839800058
4.020293031991333e-05
2.7058117356517944e-05
0.020198805605523708
0.0010062706115428158
0.011767576255602492
0.04844627969050087
8.710878563166588e-05
0.03383644900584008
0.000938970386082643
0.04374132558606184
0.00015219521311264866
0.00012005159103377915
0.00025617407159210395
0.0003993404470842988
0.05397618289441579
0.00045851148070321176
0.09927446386159088
1.0928045388313462e-06
0.11440526815662548
0.0003916812005983442
7.2160679764922465e-06
8.597132506270158e-05
0.15563533885382494
0.0006833937270404531
0.12283501294657254
0.00016603718362980698
0.0002256352244821292
0.0019400609324562888
1.403714449245647e-05
0.031211119605892026
3.065992839554695e-05
0.044714950864921194
1.2124249461711634e-06
0.041417568319583126
8.181480367315588e-05
1.6027719553062013e-07
6.179268687695085e-07
5.1833035053000036e-08
0.011357053169726607
7.360442278723542e-06
8.965151184847586e-05
0.1352987355969693
0.00011118377695948168
0.05699297580950259
0.00022319800727189443
0.10195408289761695
0.0037864322273789114
0.0002390691283458312
3.258537147966015e-05
0.0006337048590945957
0.09918756188006647
0.0006662479289311573
0.10904164382945539
0.0005971780686083778
0.0012810690202078128
5.744078124577296e-07
0.08245901808909506
2.321767894754518e-05
0.004282036136160647
0.06462322501086874
2.8718834047052315e-06
0.0
0.0
0.0
0.0
0.03661641397758324
0.0
0.0025800610648384153
0.0486067697219231
0.00025982802373334464
0.0017999463015061128
0.08428084223741629
0.0002742715760736208
0.00010534361660510081
0.019606518527377752
0.04292033549782325
0.0
0.0020846724380402157
0.00013985578200075764
0.03216885811763686
6.229453580757993e-05
0.0002815321233873053
0.03435745922623737
0.00018638961940659174
0.0042155631278916845
0.004492152503534658
0.1621990980895567
0.002721474156258133
0.021770132822430968
0.002485977951342198
0.02193862016612152
0.010767829091657528
0.3448248415163212
0.00017366402940666804
7.97581616239876e-05
8.161325364442325e-06
0.21812822520060288
3.513673122904919e-05
0.00018425625029298175
8.45035344669197e-06
6.114769242747239e-05
0.00029191210454858655
0.07514938647138791
0.0005437263590431069
0.0
0.00028796422076977283
0.0
0.0
1.1296433551691886e-05
0.00041632232435960396
0.0
0.0003262849628623645
2.8343603535917633e-05
0.040049774132067076
0.000113361155042086
0.01639077368536986
0.1165410646442419
0.002193886436535824
0.23736415398626692
0.00046564469550313195
0.00017727855132264995
0.0010922638500993431
0.0012620560389495488
5.567600931931375e-05
0.0
0.0752571172982364
4.58469723638871e-05
0.08859449703323362
0.00017770858806398688
0.03171404466072928
0.0
0.0
0.08484693914743548
0.002780415556534026
0.0005925670864800626
0.04442445336844176
0.0001371813842649952
0.0007620881421894099
0.00021136993203493669
3.389280229230282e-05
0.004384903547894851
0.00018837863531037284
0.011005569456225486
9.940494471681381e-05
0.007225682737822668
0.0008345725938084585
0.22632921529471595
6.485123451519904e-06
0.1425576294795902
2.7168177998520023e-06
0.17590947160503637
0.0020955924486321387
0.000289325572583414
0.052647593230765635
0.0
0.0005900055218645106
0.00012607670573807007
0.0004774410054361575
0.08608541115728849
2.244801012285021e-05
0.0017481227984994904
8.021092922375044e-06
0.017738182576615857
0.0009882219286434285
0.00020214536414379138
0.0006857668931086334
0.06719620572447452
0.0012482433498428264
0.009848710115961432
0.12018272941537797
0.0006638823028462832
0.08664665925980017
0.0013768959754323308
2.2547596568270643e-05
0.0005479124324231511
0.00026550078583321377
1.791571168929518e-05
0.00726007271032774
4.998090764928276e-05
2.6001747431428856e-05
8.263864249316348e-05
3.808665583505973e-05
0.04278924405511692
1.1113676368380486e-05
0.0022704367417725854
0.017608436472104343
0.00032269865076417313
0.17729636894666168
0.0001411886915443412
0.0014117069044758113
0.0001844874617332522
0.015402363176927693
0.00010894589414228195
8.301100774689777e-06
0.12127903217044933
0.002475251889091109
0.15424028567586714
4.5290986752593435e-05
0.11269340638464434
0.0
6.772288578436304e-05
0.007346471801687479
2.7064737772162424e-05
6.711036948000003e-07
0.016584996552394888
0.0026255437322838886
0.0003471441361611368
3.855543080643934e-05
0.00649487600091684
2.7794364300000015e-07
0.012388069423984738
0.00032626170867588143
0.26735107600217267
8.456134276948503e-06
0.00034197043156348404
1.7830879524266812e-05
0.09160023180034821
0.0004175897886333236
0.00123398691639282
0.005733093664156986
0.4011594916547278
0.0009633147256871202
0.21839766335167327
0.0018971166681829694
0.001856334749206553
0.0013650482126072055
2.0752925167890004e-06
0.0
1.8092685639780005e-06
3.486592657087201e-06
0.007953936661546224
2.9956201874225943e-05
0.006499321953711124
0.1235230294200372
0.2342817881915294
0.009737622263350162
0.0034842081791764245
0.0002848149493665555
0.00013288733916142517
0.01383492140112275
0.011505210923686702
0.0002826387905307782
0.0011417378087574498
0.08301161140175903
0.00023427169910442608
6.821164720348274e-05
0.0011906385092109513
0.0006605579453966885
0.16212453677113403
0.0009107332359306001
0.001675358751035375
0.012919984636006757
0.00677707937217218
0.0007665853670550825
8.868132544396494e-05
0.0028510176676586636
0.00031246110621285745
0.3209990188249542
8.692532404982249e-06
0.001505624726979034
0.006711710390247567
0.34688759036106714
0.0024741621075461753
0.0015715218167843795
0.02115404310415265
0.002544530491049313
0.001826844028642756
1.9555960811914884e-05
0.01278477754805968
3.921633823610104e-05
0.1783580488395215
0.001624298987161413
0.00010713862702539957
0.0017694678022542245
6.783983179070203e-05
1.9185020100000016e-07
0.0
0.0
0.00024256201016848851
0.0
0.0003884447328854247
0.040454765068148414
0.0034088467620536
0.014851824019458088
0.29620167936137487
0.005869906672280159
0.04379411144145435
0.0
7.219296267865026e-05
0.01181278538750021
0.0004401431957230397
0.002192304963491953
0.007903523292601826
0.3078478903628397
0.00871732144837312
0.0
0.0
0.23045088485173296
0.02118446310330955
0.011595347500965665
-1.0097379000000006e-07
-1.0097379000000006e-07
6.0628649654888224e-05
-1.9185020100000016e-07
0.0
0.0
0.0
0.0
0.12666645710400906
0.0
0.13464663154582024
0.01387066532059528
0.0015904038555991085
0.20695120700167435
0.0014418845205320628
0.0002319399523889232
0.0
0.11343596341058176
0.0001324095677015047
0.14688104030014382
0.0003978227791236162
0.12936233903148428
0.000794486410509648
1.8008015692099775e-05
0.029695202430436177
0.01329975982809337
0.0011916635156879862
0.008727948950504532
0.002921222862619843
0.3407589959177644
0.0
0.09555211916706605
1.1474401680000006e-05
0.48559266564100084
0.006416211289886676
0.04841916248818158
0.0005125011941526785
8.427678784691763e-05
8.972631863435523e-05
0.1828065579675898
0.001135980197120693
0.0
0.004470493030219717
0.0
0.0
0.0
0.0
0.0
3.716282472930002e-05
0.004358117043973692
0.00010989463483537875
0.0008677617134255205
6.487966828332866e-05
0.00010356814334419286
0.0006864920462383364
0.0015232603458904593
0.20328194866557803
0.005895136411158667
0.39372568405711833
0.013370499338696582
0.020270462822804147
0.001110837986746316
0.0
0.008247463817158527
0.0
0.0006102102372670943
0.23223748849808995
0.0011344385123366505
0.0
0.0030802631702363872
0.0
0.0
0.007176804299763945
0.0052751556994540105
0.18190036397295042
0.0030523772140341387
0.0022297182663179576
0.0006105547581594571
0.005812571466344988
0.0005433031696137721
0.0010022965534368618
0.0019477540578134525
0.002254456120764855
0.08995644148140022
1.1756065410000008e-05
0.010947038199174423
1.3454550846000009e-05
0.40761508061578855
0.028628130262320098
0.0025073059893892073
0.12995728226157677
0.0010139125939943308
0.00039898492608562953
0.0059713077906818155
1.0611447784200004e-05
9.302595308494411e-05
0.0005911269057115948
2.4601738397400014e-05
0.025372219378777244
0.002767236034604017
0.20870323784662828
0.0056449463884082835
0.020953531699644215
0.0016088970638966794
0.0010709924997535456
0.15820105403830184
0.01522120629458983
0.005286151586640999
0.2659526438577857
0.007213888103304377
0.014538594534070255
0.02035637737809095
0.0004942680389490525
0.00035589384771531795
0.038869034759598464
0.0007844651092627369
0.00025341998646502995
0.0018414758338773022
8.10340785044173e-05
0.0
0.0012236666956412599
3.220824280158001e-05
6.064678108658704e-05
0.0005631058145663561
0.004739011765350458
0.1279127985107219
0.006117843772917152
0.011408163406974028
0.30437082673596066
9.141409776625745e-05
0.004068622864394874
1.6533720000000006e-06
0.06657419695112277
0.0012000839009781133
0.010045626064475965
0.0015905899468754354
0.312952921439017
0.020984936955809715
0.05823213882827848
1.847092873320001e-05
0.0027231622090297452
7.887174930000003e-06
0.004017555758868524
1.6329646656000007e-05
0.002972914412413012
0.005382128791981569
0.07455031279747187
0.0654888583653087
0.00213239738367241
0.00036787964751421433
0.002924561503985387
0.0006394417690065127
0.0006453876241993315
0.0027635019636324852
0.0011074082947509145
0.44729244463489043
0.0006985473858805415
0.05393095928137083
0.0019555585418914406
0.5354502160162556
0.008807153347662425
0.0691912977525706
0.025134312473807853
0.001270560995199819
1.0790490257100004e-05
0.027560619696448553
9.140312808000003e-06
4.687900110000003e-06
0.0004889323171953458
1.1219310000000007e-06
2.9260499006880008e-05
0.0033667907812273104
0.0009421741819906641
0.3884818642257553
0.003591567788113692
0.2797133444033066
0.00034977509238510285
0.08771532323892561
0.0006948454382162814
0.02542605891242732
0.0009486374385924089
0.20963180335908532
0.016727838726007364
0.003664676732643511
0.002227002603247265
0.0190359311558983
0.003608780463119892
0.031520702780040835
2.5884478070541015e-05
0.28840955204240093
0.003910731463984123
0.011006858066832674
9.795240988245328e-05
0.0012884471301957434
0.040937181440091897
9.795240988245328e-05
0.0010211952678483877
0.006555099374935553
0.027523030451554468
0.10296206418575152
0.5128687639113565
0.12121381151950458
0.008083408745411939
0.0006132772445842059
2.3361461391600008e-05
0.05090829089207305
0.0007255771289160517
0.3383039496849758
0.005786444678600393
0.0017687603935268932
0.0001381957746056794
0.019176853051593112
0.00010125518238972997
0.003627801078371506
5.172169450246203e-05
4.559452478289635e-05
0.0
0.0
0.0
0.0
5.867699130000003e-06
0.025403858504230218
1.642955756400001e-05
0.005448333721120913
0.10952084462657549
0.019278303073811964
0.01876506770698854
0.45193340423613787
0.0002187395976112249
0.09078235229623405
0.008020706529115754
0.12283261832373427
0.0041179204863813716
0.0027983905292678054
0.02518145478090656
0.4877177282027483
0.007504197842043205
0.1612209959559809
0.00010040268378776151
0.00520759782833994
-6.978410820000003e-06
-3.672847800000002e-06
-2.663109900000001e-06
-1.6338681153000006e-05
-1.1818775448000006e-05
0.0011804339217855796
-2.609965800000001e-06
0.0
0.0
0.0
0.0011328555094736324
0.3224022291743658
0.0010913224347547153
0.00045294379575634984
0.3668433846193281
0.0004391586028520049
0.0052672626621536565
0.0007764966752252141
0.4135575461034398
0.01490429805255497
0.02177569317058532
0.0004009108631322349
0.0009493240098901955
0.01127895105428446
0.009162931882940624
0.02235452520453433
0.1461972462166774
0.019187448018696162
0.0
0.004799511294680573
0.605945865298317
0.01810813633035594
0.13855142830949527
0.0014707957656735556
0.07898900033280745
0.0
0.3612724170668612
0.0
-1.8370800000000004e-05
0.024376016558934795
0.0
0.0
-1.2465900000000005e-05
0.0
0.0
0.0
0.0
0.0
0.015871990143408718
0.00560818927560363
0.00012541482720000006
4.500189900000002e-05
0.006989537873431741
0.001155390498099989
0.0009362977937568094
0.0013774710968672181
0.03697899292496342
0.015147955029411901
0.017700541134927368
0.5516582363684236
0.0064008981078326945
0.10174674117630639
0.0
0.43045608731905516
0.007629698297310476
-1.2465900000000004e-05
0.027931287894654398
-6.561000000000002e-06
0.0
-1.2465900000000004e-05
0.0
0.0
0.0005131319660938081
0.006005782459765767
0.0750211809136953
0.009281616767176872
0.307090503999138
0.008485587543381329
0.004898964381963404
0.001444375953100333
0.03391967758506489
6.561000000000002e-06
0.024228247104007374
0.007302777458316194
0.10762715657778082
0.5396362265582247
0.027923273432308486
0.3142016970760514
0.022808100902185928
0.020406820501806845
0.035669691048460746
0.005960219468879155
0.0
0.014798676245993507
0.0
0.0
6.690907800000005e-05
0.0018278448558198613
0.06255189504949797
0.006592576701111738
0.4001765665866263
0.00011382941340000007
0.3273640434336846
0.058416831433996806
0.04642557644630961
0.4375404276429222
0.08385611881899463
0.04930893912219092
0.12973260976756235
0.004460297895304812
0.0
0.1584130716524641
0.025209426960810147
0.007977182466555287
0.03073898588164719
7.588452600000003e-05
0.00024938130278476966
0.0028157776273892215
0.00024938130278476966
0.0
0.0014897797570646105
0.0003517984954377001
0.008295001624666303
0.0016985196341050039
0.0003072702763620001
0.04004195232439425
0.00016451825598000005
0.013839542251624645
0.32909481882532327
0.009316352264207826
0.46055573834521585
0.034595769672805234
0.0002378949053400001
0.015519244242963949
0.0024279436902828887
0.02339199462532495
0.0221442100700165
0.44587636265494524
0.0040443551327986335
0.11272680504794537
0.001768984411348058
0.07024457073814919
0.0007138997842746782
0.0013637647489890303
0.0007874249459322494
0.0032761136704919334
0.19028945001998226
0.0013630213708594094
0.2389495616074971
0.0016426919501827892
0.012482144910878403
0.0002626866279900001
0.02522809300609532
0.004281528610911151
0.005855593003645818
0.02786235858945971
0.06583368004571444
0.060321962077347496
0.6380924581735062
0.00016516129959000007
0.13295132120900896
0.0007808758474537173
0.3085689798250603
0.0
0.0002469811588475491
4.618287900000002e-05
1.8370800000000007e-05
0.00022474881406971012
0.0011664333221985273
0.0003831552681930002
0.030881535987345644
0.0010088492634567994
0.030060030498337907
0.001069748363636641
0.03394520442965396
0.012088210667650747
0.5573060970003739
0.0012526461327558606
0.03420957803909446
0.0007841237516761342
0.4236598553897225
0.0015037087414753968
0.05233624283447221
0.003182960690691339
0.12230128034614024
0.005098857268900154
0.4473102477921032
0.036837892764622106
0.01064833038511146
0.05957621799831637
0.008604836384159048
0.0004026931060680001
-6.561000000000002e-06
0.0
0.02848640875704144
-2.427570000000001e-05
0.14576227381672868
0.03047457521591553
0.010284084635743783
0.03972683620605867
0.3734862353632823
0.09838040821618345
0.6214244168283085
0.0021580125187523843
0.538905863192441
0.00026061932250000014
0.035517561701337214
0.0003012367676400001
0.04497173276462816
0.001254554110593449
0.08325819090154896
0.0024258198538971727
0.0005850267878256394
0.002039508654564198
0.0002650196539800001
0.00012206733939000005
-6.561000000000002e-06
-6.561000000000002e-06
-1.2465900000000005e-05
0.0
-1.8370800000000007e-05
0.0001825506396000001
-9.293787720000002e-05
0.0004082116112601302
0.12100926731636197
0.007600426838505734
0.0428364412384058
0.22902427859639915
0.025245638324315818
0.05582809661416305
0.6044521305976481
0.018146639718194923
0.0656315649838232
0.02644255597396903
0.618080717799219
0.09294480981269092
0.0914599122395083
0.005878950709494864
0.0
0.06694406659073673
-0.00020322369450000011
-0.0002114025714900001
-9.661072500000003e-05
-8.018919810000003e-05
-0.00014035422420000007
-5.988224700000002e-05
-9.348112800000003e-05
-5.5689768000000036e-05
0.016774335468591448
0.0
0.0
0.015333411915402778
0.0019278783550503399
0.00019173925449000005
0.4929454265080286
0.02604465720820354
0.026118183293456335
0.5811718957896489
6.561000000000002e-06
0.07777341195618578
0.00035129532709890016
0.1589940329527243
0.0030674595182194194
0.001374048751924835
0.06996528219158908
0.10747795518692854
0.007425787537370926
0.7057213662697918
0.014101598404715459
0.2475114609698981
0.0
0.12695790169782392
0.052067850102228586
0.10542699880298687
0.5453937249728761
-0.0017973932400000006
0.14673051169983814
-0.0006837291000000003
0.0
-0.0009081153000000005
-0.0006305850000000001
-0.0002631690000000001
-0.0003878280000000001
-0.00013851000000000003
0.0
-0.00013851000000000003
0.0
0.0
0.06802244402253348
0.013165937869897087
0.006537265085249101
0.0064938043717101025
0.04275144675366952
0.0028606555680480007
0.012298329356225754
0.01275914890119593
0.11854027009208232
0.1446004980998332
0.009369996358961146
0.007705595832497525
0.6855508587299894
0.08239651318346834
-0.007668254756909702
0.1406704373742053
-0.0012163510800000002
0.0
-0.0033059416626000006
-0.00013851000000000003
-0.00020412000000000002
-0.0002631690000000001
0.0
0.0
0.01720942369141604
0.01534904856738695
0.04894909124600637
0.4817763656889541
0.024033134337459926
0.011822438294415722
0.01861348960033287
0.0023984045908200012
0.0882068667297594
0.01629086896093467
0.35033110767832676
0.01760684857282454
0.6774805394300006
0.17862013014511469
0.18818281530012826
0.21564561399809012
0.04105095132714023
0.0
0.158332077686452
0.0
0.0
0.0
0.0
0.0
0.006356657465460001
0.06026189858667008
0.010357543805914658
0.6076575022104976
0.050766671032667986
0.025244021552640387
0.03610566660836814
0.02549884734843125
0.6343849698219222
0.010671418616922505
0.4297156610740612
0.015789649690870614
0.42434695973690406
0.07836025987123418
0.03977277640375563
0.0049861039051503925
0.19723493012321236
0.0005406993000000001
0.06960280561594889
0.005702682825122914
0.0
0.009490308561409491
0.0
0.0
0.023419063506508714
0.003559826971530001
0.0015889502700000007
0.0011573020800000004
0.04659010643363007
7.290000000000002e-05
0.012450971068299618
0.005815725349983389
0.17295793771779142
0.060614565147700125
0.6350125950857795
0.07167846884830241
0.2148217469129732
0.023214353303834957
0.02696364126725382
0.1247553327945442
0.0020184963156000004
7.290000000000002e-05
0.596440817151688
0.020970872052865328
0.04302258313740709
0.0026346360202200002
0.010242798495981883
0.015308326581971751
0.0010777033719000003
0.0
0.03215308255259854
0.0023712367364100003
0.027122876076665088
0.5141033800821855
0.0
0.06864112325759086
0.002345308911000001
0.2313257635497925
0.015286457930056195
0.12496735467855949
0.022551108735544664
0.2890658503830935
0.02126861160079451
0.7225537896069943
0.17616803272728038
0.05065896105028355
0.03784171283998084
0.0
0.0011736066833190006
0.002599369064019001
0.002395189898306101
0.0
0.0
-0.00013851000000000003
0.003582875567700001
-0.0002631690000000001
0.19082442540243627
0.026605913143839498
0.08686167451883997
0.005882978888133303
0.019549589206792336
0.09631468918014234
0.02327664501521158
0.6854917520766934
0.0005000211000000002
0.06948833833175386
0.007686798438734823
0.075374749060163
0.6041854564693532
0.025216214724737965
0.24203313530628245
0.016246789405178874
0.025223901540483144
0.021889445788044144
0.05723463234462227
0.0008631134010000001
-0.00038782800000000016
-0.0009140202000000003
-0.0003287790000000001
-0.0009081153000000002
-0.0005000211000000002
0.3767882759320464
-0.0013929075900000003
0.35325477491038904
0.007713299324061001
0.7190802320661625
0.10193721218951114
0.22869555897475258
0.01619057429374022
0.05041507478759376
0.0007427781000000002
0.25958721701539844
0.012013693457764076
0.024589782616974767
0.006294207414715446
0.03245990594026411
0.0037507046355000013
0.008591972129501347
0.0022549639410000006
0.0021810936420000003
-0.00013851000000000005
-7.290000000000002e-05
-0.00020412000000000007
-0.0005000211000000002
-0.0005241655800000001
-0.0007244073000000003
0.0
-0.0006122142000000003
0.04168590282620077
-0.0011632069800000004
0.0160446089313313
0.31513598688634525
0.02223930489997494
0.060015281572807035
0.44380470655160464
0.20069037496608633
0.274276314871437
0.7241752209061438
0.06041519365634888
0.3502660567412222
0.0007594952071671002
0.37463813973114723
0.0031881789505326186
0.02276589891762429
-0.0033513267240000014
-0.004678308913535102
-0.0025748914230000006
-0.0025668666639000006
-0.0012919338000000004
-0.0017181494820000007
-0.002196505431000001
-0.0006187752000000003
-0.0007131879900000001
-0.00020412000000000007
-0.0007131879900000002
0.11731366665998602
0.0
0.1484469822554766
0.011933980575233403
0.04630122068623185
0.0365164449990467
0.6659969845850917
0.04430837019211124
0.6986456602594034
0.13044349861551682
0.0015941465820000006
0.013590133430020385
0.02374777192747885
0.21568930442249445
0.8019085026827966
0.17801042421335583
0.06159063041699878
0.0825087504152325
0.0
0.06625543194304954
0.5674008200639572
-0.014709106710000003
0.7173896678457746
-0.04784359927707001
-0.028892269728000006
-0.018524918700000004
-0.020012953500000007
-0.010948932000000001
-0.006933600000000002
-0.009295560000000001
-0.008705070000000002
-0.0049653000000000015
-0.004309200000000001
-0.005417280000000002
0.0
0.0
0.0
0.054886476436206005
0.16896682339346875
0.12760291782028826
0.043125949125475
0.17450640786769797
0.025242332940000008
0.3391150714091303
0.009229950000000002
0.05041611437075102
0.17150357530373617
0.7921853984154866
-0.08066147746216783
0.4070402406421788
-0.02367410303700001
-0.010109124000000004
-0.03832772833368001
-0.03184771941720001
-0.026484251508000007
-0.006539211000000002
-0.012436966800000004
-0.0029241000000000007
-0.004309200000000001
-0.0049653000000000015
-0.003580200000000001
0.663971654915559
0.18110171936673125
0.05397420394274038
0.029794810073400006
0.037031422702647386
0.1943643265518277
0.03080598876900001
0.013847115240000003
0.11038640452108868
0.15190788680662792
0.23773389935864137
0.7935806815677757
0.08879379731690643
0.5683687919804802
-0.013139649900000005
0.5821713431104845
-0.011190376800000002
-0.002268000000000001
-0.009761391000000005
-0.0008100000000000002
-0.0015390000000000002
-0.006211890000000001
0.0
0.0
0.756227213187674
0.19589152293161016
0.23307515681349497
0.07871512643350437
0.18264570718379636
0.08649016215451977
0.08977309367971131
0.17001130650284496
0.022700807050203005
0.11767240635409588
0.334748483924769
0.7934182509855244
0.07569565839115111
0.31532830450897187
0.09116759626669906
0.5271094010678672
0.06554913973409443
-0.0015390000000000004
0.10468375909010041
-0.0015390000000000004
0.0
-0.0015390000000000004
0.0
0.0
0.0015390000000000002
0.012129912000000003
0.13829564377624426
0.022350703410000002
0.18934821734647772
0.015730063920000002
0.022992383578590004
0.30016228436638104
0.0008100000000000002
0.766337454440047
0.2286984933771481
0.18947535903936064
0.37646575015697287
0.0631832033987913
0.0021951000000000006
0.14022199942119554
0.12130115234869622
0.7452095764516659
0.017079392619000003
0.1590337294723
-0.008048970000000003
0.17392339562686415
-0.005431131000000001
-0.014261580900000003
-0.002268000000000001
-0.002268000000000001
0.020674951839000002
0.0
0.009897918120000002
0.1802047532481919
0.016028372907000005
0.1622373068942971
0.7177850387582864
0.018810057797532004
0.06748401865983109
0.13054306462605159
0.35495739201871057
0.21441428050399544
0.8084155093076776
0.04160423028670013
0.5091553893616743
0.007436755800000002
0.0
0.1571091669566658
0.005555790000000001
0.02778367783805101
0.0
0.0101806389
-0.004309200000000001
-0.007392870000000002
-0.0029241000000000007
-0.022314093030000003
-0.0049653000000000015
0.43142916882947385
0.0
0.2833390700254454
0.06154624573689019
0.13086148565843475
0.015352740810000005
0.0022680000000000005
0.1668028717820124
0.7913363962058075
0.35902232356627867
0.099419803783972
0.7382657020917072
0.216722413660097
0.049056254105454014
0.1764360219992673
0.027256450698693903
0.2126155683247772
0.03250873524579391
0.033020568457942066
-0.008705070000000002
-0.014905215000000003
-0.025464416229000003
-0.014964264000000003
-0.02529919122210001
-0.022037088266100006
-0.12659179486756492
-0.12917018608107736
0.8061754696891131
-0.014963535729000003
0.36204990062564835
0.06402920511511892
0.5546291464632993
0.13142871925599994
0.17426541367869935
0.0075240900000000015
0.10889070361960046
0.023257889671671007
0.18792486036508263
0.021316099320000004
0.020642002497000007
0.016505442900000004
0.021787966440000008
0.012517142220000003
-0.0036531000000000007
-0.004899690000000002
-0.009761391000000003
-0.004899690000000002
-0.013310892000000005
-0.009229950000000002
-0.015324462900000006
-0.012129912000000003
-0.014202531900000002
-0.016393249800000002
-0.012720402000000004
0.19678824571914594
-0.0021951000000000006
0.0899017200261841
0.606313944091118
0.038291335785441014
0.14457143538498693
0.7124463112607984
0.40691492489412634
0.8086674471508399
0.14868905261705467
0.19357618806505383
0.018313525354705575
0.008438835635190002
-0.03454106240520001
-0.03085913286900001
-0.03161962494000001
-0.025545254310000008
-0.0175683249
-0.021128979600000004
-0.019694088900000004
-0.017934428700000005
-0.012070863000000005
-0.009229950000000002
-0.017343938700000006
-0.008580411000000001
-0.014680828800000002
-0.009295560000000001
0.47244025889290286
-0.0036531000000000003
0.22522727053616665
0.0774525494819345
0.25554451026607056
0.8051220830571569
0.10441506016685057
0.40055395604540306
0.03863334187749781
0.047927009473461006
0.8983199602613969
0.579109684295525
0.2759966335524968
0.5695247544446265
0.17047516081671005
-0.11287683000000003
0.8761190787077864
-0.16963531929000003
-0.1416277881
-0.1677274461
-0.18111975930000004
-0.17155382130000002
-0.13366207800000002
-0.13153040910000002
-0.13844504700000002
-0.07619427900000002
-0.06609690000000001
-0.11346732000000001
-0.06019200000000001
-0.07921890000000001
-0.05363100000000001
-0.030951000000000006
-0.03978000000000001
-0.066753
0.24854444892528682
0.504217265661756
0.046953279000000014
0.638906705933157
0.08640385110000001
0.31460721234643974
0.4148518624076421
0.10052233454094309
-0.09397458900000003
0.8949802514323603
-0.28513695194325905
-0.28788763741515905
-0.24022290723300005
-0.23948680830390007
-0.20565639027000004
-0.13652654499000003
-0.14375945700000003
-0.12409614000000002
-0.10815291000000002
-0.12244276800000002
-0.138976488
-0.04634100000000001
-0.06019200000000001
-0.066753
0.4301442584766841
0.8366264322768132
0.14373462754503902
0.15284709810000002
0.13301126353503903
0.28607610913370374
0.4820142360006903
0.2904881888812741
0.14071902399000003
0.5478365427967165
0.21257724985034754
-0.12409614000000002
0.8969738908082892
-0.2780510311994491
-0.40793112400304016
-0.11665006110000002
-0.11461936599000003
-0.09634311000000002
-0.05363100000000001
-0.05363100000000001
-0.032490000000000005
-0.024390000000000005
-0.03978000000000001
-0.024390000000000005
0.10703097900000003
0.08263062000000002
0.8866879957191124
0.036855900000000004
0.6091355186338591
0.29939790014334905
0.5293647699189141
0.23805559469732313
0.08512380000000001
0.24166941050343516
0.26613358953732
0.5865954561196359
0.23909938781490003
0.8967828843862085
-0.26801171797455003
0.4786603939368607
-0.07921890000000002
-0.025200000000000004
-0.017100000000000004
-0.03978000000000001
-0.03905100000000001
0.0
-0.009000000000000001
0.0
-0.025200000000000004
-0.03978000000000001
0.14328116010000003
-0.05363100000000001
0.49946412711910804
0.1753336414683091
0.3216893695876986
0.885764126912232
0.31597717254961505
0.2325614389447555
0.15715177020000004
0.7050383997043261
0.22937513354100006
0.5718172557520615
0.18015029872290003
0.41467726003424465
0.04634100000000001
-0.009000000000000001
0.8773862398443149
-0.10815291000000002
-0.3322768482302672
-0.10756242000000002
-0.09522117900000002
-0.08741358900000001
-0.03978000000000001
-0.07265790000000001
-0.017100000000000004
-0.04707000000000001
-0.025200000000000004
0.19383235946100003
-0.0171
0.11234538900000002
0.536207760800901
0.28914636658392007
0.19139326756208247
0.8791257764136049
0.2003060899281916
0.19338328477063352
0.5399331516223667
0.8998144304916678
0.4640268018800792
0.29642677241320803
0.3887196080332721
0.15183736020000002
-0.04634100000000001
0.0595359
0.0
-0.009000000000000001
-0.08978211000000003
-0.10756242000000002
-0.11825028900000001
-0.14429089800000003
-0.109976868
-0.066753
-0.20832528697200003
-0.025200000000000004
0.7652644485753294
-0.04634100000000001
0.5031362691308559
0.09102870000000002
0.8954793847992837
0.35691310619472427
0.20277746808480004
0.21926771562051006
0.3028184356407301
0.8729063387938932
0.21813993936000003
0.27962551561930904
0.6119435692123807
0.16082413320771002
0.12674744010000003
0.2428852548316907
-0.11878173000000002
-0.09102870000000002
-0.13849819110000003
-0.24254312549490004
-0.25661079391770003
-0.27865501974180007
-0.28740684858831006
-0.2845825532235
-0.27076365180135903
-0.29650735587492005
-0.5465411313453431
0.8988975654833502
-0.10053558900000001
0.10283850000000001
0.4451176854877458
0.09683905599000002
0.6062349494036514
0.18101442769380005
0.074008940391
0.07265790000000003
0.17681508720000005
0.19613828196000005
0.030951000000000006
0.09456507900000002
-0.0720018
-0.09043821000000002
-0.04707000000000001
-0.10815291000000002
-0.08512380000000001
-0.10815291000000002
-0.13105211220000001
-0.07921890000000002
-0.11878173000000002
-0.10815291000000002
-0.08387721000000002
-0.11074516110000002
-0.0171
-0.21344784677100007
0.5561698387723666
-0.23324933843100004
0.8498908918491662
0.17341874289693904
0.6037131495577649
0.4707272841392617
0.8997743113655761
0.14980666509
0.17679922376627272
0.378853551826003
-0.18838987218000003
-0.20483850257100006
-0.18542443140000003
-0.17542802619000003
-0.13950792900000003
-0.16634038509000004
-0.14806412910000002
-0.11878173000000002
-0.12941055
-0.12244276800000002
-0.11878173000000002
-0.138976488
-0.07856280000000002
-0.09043821000000002
-0.09043821000000002
-0.12834766800000003
-0.17633679030000005
0.7729152413903898
-0.26993418453441004
0.4459027615746852
0.898746845572787
0.15072165088034753
0.16711645369671002
0.3917151725700015
0.9998955043236682
0.5695327900000001
-0.5695327900000001
0.9958254420820708
-0.5695327900000001
-0.68618940391
-0.6125795110000001
-0.5695327900000001
-0.5217031000000001
-0.5695327900000001
-0.5695327900000001
-0.5695327900000001
-0.6125795110000001
-0.6125795110000001
-0.5695327900000001
-0.5695327900000001
-0.46855900000000006
-0.46855900000000006
-0.5217031000000001
-0.46855900000000006
-0.46855900000000006
-0.40951000000000004
-0.34390000000000004
-0.34390000000000004
0.46855900000000006
0.94185026299696
0.68618940391
0.7941088679053511
0.1
-0.46855900000000006
0.9992264459898547
-0.46855900000000006
-0.7458134171671
-0.6513215599000001
-0.6513215599000001
-0.6125795110000001
-0.6513215599000001
-0.6513215599000001
-0.6513215599000001
-0.5695327900000001
-0.5695327900000001
-0.5695327900000001
-0.5217031000000001
-0.46855900000000006
-0.46855900000000006
-0.46855900000000006
-0.40951000000000004
-0.46855900000000006
0.6125795110000001
0.6513215599000001
0.9880274848174379
0.46855900000000006
0.814697981114816
0.271
0.901522909781639
0.34390000000000004
-0.5695327900000001
0.9994924712139436
-0.814697981114816
-0.7712320754503901
-0.6125795110000001
-0.6125795110000001
-0.5695327900000001
-0.68618940391
-0.68618940391
-0.68618940391
-0.40951000000000004
-0.40951000000000004
-0.34390000000000004
-0.34390000000000004
-0.34390000000000004
-0.34390000000000004
-0.34390000000000004
-0.5217031000000001
0.5217031000000001
-0.46855900000000006
0.7712320754503901
0.9988209815422262
0.46855900000000006
0.7712320754503901
0.40951000000000004
0.7458134171671
0.271
-0.5217031000000001
0.9995889016832943
-0.6513215599000001
-0.5695327900000001
-0.5695327900000001
-0.5695327900000001
-0.5217031000000001
-0.34390000000000004
-0.40951000000000004
-0.19
-0.271
-0.271
-0.271
-0.34390000000000004
-0.34390000000000004
-0.34390000000000004
-0.46855900000000006
-0.46855900000000006
0.8784233454094308
-0.5217031000000001
0.5217031000000001
0.997534965295042
0.34390000000000004
0.7712320754503901
0.46855900000000006
0.5695327900000001
0.9721871610556306
-0.46855900000000006
0.9962428978738638
-0.6125795110000001
-0.40951000000000004
-0.46855900000000006
-0.40951000000000004
-0.40951000000000004
-0.6513215599000001
-0.6125795110000001
-0.6513215599000001
-0.40951000000000004
-0.40951000000000004
-0.40951000000000004
-0.271
-0.5217031000000001
-0.271
-0.271
-0.5695327900000001
0.717570463519
-0.5695327900000001
0.34390000000000004
0.8905810108684877
0.68618940391
0.9999955703072454
0.68618940391
0.9528987130275376
0.271
-0.34390000000000004
0.6513215599000001
-0.5217031000000001
-0.5217031000000001
-0.34390000000000004
-0.271
-0.19
-0.5217031000000001
-0.6513215599000001
-0.5217031000000001
-0.6125795110000001
-0.5695327900000001
-0.5217031000000001
-0.40951000000000004
-0.46855900000000006
-0.34390000000000004
-0.717570463519
-0.7458134171671
0.9997302783944093
-0.1
0.46855900000000006
0.7941088679053511
0.7458134171671
0.5695327900000001
0.34390000000000004
0.9929303495098489
0.5695327900000001
-0.68618940391
0.911370618803475
-0.271
-0.46855900000000006
-0.5695327900000001
-0.5695327900000001
-0.5695327900000001
-0.68618940391
-0.6513215599000001
-0.6513215599000001
-0.717570463519
-0.717570463519
-0.68618940391
-0.7941088679053511
-0.7712320754503901
-0.7712320754503901
-0.6125795110000001
-0.8332281830033343
0.999823035654572
-0.271
0.9353891811077333
0.34390000000000004
0.34390000000000004
0.0
0.68618940391
0.0
0.34390000000000004
0.6125795110000001
-0.46855900000000006
-0.46855900000000006
-0.40951000000000004
-0.5217031000000001
-0.34390000000000004
-0.6125795110000001
-0.46855900000000006
-0.5217031000000001
-0.46855900000000006
-0.46855900000000006
-0.46855900000000006
-0.40951000000000004
-0.6125795110000001
-0.6125795110000001
-0.6125795110000001
-0.717570463519
-0.717570463519
0.995361602313412
-0.5695327900000001
0.7941088679053511
0.5695327900000001
0.5695327900000001
0.68618940391
0.9999734386011123
-0.717570463519
-0.6513215599000001
-0.6125795110000001
-0.6125795110000001
-0.5695327900000001
-0.6125795110000001
-0.5695327900000001
-0.5217031000000001
-0.5217031000000001
-0.5217031000000001
-0.5217031000000001
-0.46855900000000006
-0.5217031000000001
-0.5695327900000001
-0.46855900000000006
-0.6125795110000001
-0.6125795110000001
-0.5695327900000001
-0.7458134171671
-0.6125795110000001
0.9690968456173674
-0.814697981114816
0.999823035654572
0.5695327900000001
0.0
0.0
0.0
0.0
0.0
0.0
0.0
0.0
0.0
0.0
0.0
0.0
0.0
0.0
0.0
0.0
0.0
0.0
0.0
0.0
0.0
0.0
0.0
0.0
0.0
0.0
0.0
0.0
0.0
0.0
0.0
0.0
0.0
0.0
0.0
0.0
0.0
0.0
0.0
0.0
0.0
0.0
0.0
0.0
0.0
0.0
0.0
0.0
0.0
0.0
0.0
0.0
0.0
0.0
0.0
0.0
0.0
0.0
0.0
0.0
0.0
0.0
0.0
0.0
0.0
0.0
0.0
0.0
0.0
0.0
0.0
0.0
0.0
0.0
0.0
0.0
0.0
0.0
0.0
0.0
0.0
0.0
0.0
0.0
0.0
0.0
0.0
0.0
0.0
0.0
0.0
0.0
0.0
0.0
0.0
0.0
0.0
0.0
0.0
0.0
0.0
0.0
0.0
0.0
0.0
0.0
0.0
0.0
0.0
0.0
0.0
0.0
0.0
0.0
0.0
0.0
0.0
0.0
0.0
0.0
0.0
0.0
0.0
0.0
0.0
0.0
0.0
0.0
0.0
0.0
0.0
0.0
0.0
0.0
0.0
0.0
0.0
0.0
0.0
0.0
0.0
0.0
0.0
0.0
0.0
0.0
0.0
0.0
0.0
0.0
0.0
0.0
0.0
0.0
0.0
0.0
0.0
0.0
0.0
0.0
0.0
0.0
0.0
0.0
0.0
0.0
0.0
0.0
0.0
0.0
0.0
0.0
0.0
0.0
0.0
0.0
0.0
0.0
0.0
0.0
0.0
0.0
0.0
0.0
0.0
0.0
0.0
0.0
0.0
0.0
0.0
0.0
0.0
0.0
0.0
0.0
0.0
0.0
0.0
0.0
0.0
0.0
0.0
0.0
0.0
0.0
0.0
0.0
0.0
0.0
0.0
0.0
0.0
0.0
0.0
0.0
0.0
0.0
0.0
0.0
0.0
0.0
0.0
0.0
0.0
0.0
0.0
0.0
0.0
0.0
0.0
0.0
0.0
0.0
0.0
0.0
0.0
0.0
0.0
0.0
